          Beginning                Ending
 Month     Balance     Payment     Balance
 =====    =========    =======    =========
    1	  200000.00    1199.11    199800.89
    2	  199800.89    1199.11    199600.78
    3	  199600.78    1199.11    199399.68
    4	  199399.68    1199.11    199197.57
    5	  199197.57    1199.11    198994.44
    6	  198994.44    1199.11    198790.31
    7	  198790.31    1199.11    198585.15
    8	  198585.15    1199.11    198378.96
    9	  198378.96    1199.11    198171.75
   10	  198171.75    1199.11    197963.50
   11	  197963.50    1199.11    197754.21
   12	  197754.21    1199.11    197543.87
   13	  197543.87    1199.11    197332.48
   14	  197332.48    1199.11    197120.03
   15	  197120.03    1199.11    196906.52
   16	  196906.52    1199.11    196691.94
   17	  196691.94    1199.11    196476.29
   18	  196476.29    1199.11    196259.56
   19	  196259.56    1199.11    196041.75
   20	  196041.75    1199.11    195822.85
   21	  195822.85    1199.11    195602.85
   22	  195602.85    1199.11    195381.76
   23	  195381.76    1199.11    195159.56
   24	  195159.56    1199.11    194936.24
   25	  194936.24    1199.11    194711.81
   26	  194711.81    1199.11    194486.26
   27	  194486.26    1199.11    194259.59
   28	  194259.59    1199.11    194031.77
   29	  194031.77    1199.11    193802.82
   30	  193802.82    1199.11    193572.73
   31	  193572.73    1199.11    193341.48
   32	  193341.48    1199.11    193109.08
   33	  193109.08    1199.11    192875.51
   34	  192875.51    1199.11    192640.78
   35	  192640.78    1199.11    192404.87
   36	  192404.87    1199.11    192167.79
   37	  192167.79    1199.11    191929.52
   38	  191929.52    1199.11    191690.05
   39	  191690.05    1199.11    191449.39
   40	  191449.39    1199.11    191207.53
   41	  191207.53    1199.11    190964.46
   42	  190964.46    1199.11    190720.17
   43	  190720.17    1199.11    190474.66
   44	  190474.66    1199.11    190227.93
   45	  190227.93    1199.11    189979.96
   46	  189979.96    1199.11    189730.75
   47	  189730.75    1199.11    189480.29
   48	  189480.29    1199.11    189228.58
   49	  189228.58    1199.11    188975.61
   50	  188975.61    1199.11    188721.38
   51	  188721.38    1199.11    188465.88
   52	  188465.88    1199.11    188209.10
   53	  188209.10    1199.11    187951.03
   54	  187951.03    1199.11    187691.68
   55	  187691.68    1199.11    187431.03
   56	  187431.03    1199.11    187169.07
   57	  187169.07    1199.11    186905.81
   58	  186905.81    1199.11    186641.23
   59	  186641.23    1199.11    186375.32
   60	  186375.32    1199.11    186108.09
   61	  186108.09    1199.11    185839.52
   62	  185839.52    1199.11    185569.61
   63	  185569.61    1199.11    185298.35
   64	  185298.35    1199.11    185025.73
   65	  185025.73    1199.11    184751.75
   66	  184751.75    1199.11    184476.39
   67	  184476.39    1199.11    184199.67
   68	  184199.67    1199.11    183921.55
   69	  183921.55    1199.11    183642.05
   70	  183642.05    1199.11    183361.15
   71	  183361.15    1199.11    183078.85
   72	  183078.85    1199.11    182795.13
   73	  182795.13    1199.11    182510.00
   74	  182510.00    1199.11    182223.44
   75	  182223.44    1199.11    181935.45
   76	  181935.45    1199.11    181646.01
   77	  181646.01    1199.11    181355.13
   78	  181355.13    1199.11    181062.80
   79	  181062.80    1199.11    180769.00
   80	  180769.00    1199.11    180473.74
   81	  180473.74    1199.11    180177.00
   82	  180177.00    1199.11    179878.77
   83	  179878.77    1199.11    179579.06
   84	  179579.06    1199.11    179277.84
   85	  179277.84    1199.11    178975.12
   86	  178975.12    1199.11    178670.89
   87	  178670.89    1199.11    178365.13
   88	  178365.13    1199.11    178057.85
   89	  178057.85    1199.11    177749.02
   90	  177749.02    1199.11    177438.66
   91	  177438.66    1199.11    177126.74
   92	  177126.74    1199.11    176813.27
   93	  176813.27    1199.11    176498.22
   94	  176498.22    1199.11    176181.60
   95	  176181.60    1199.11    175863.40
   96	  175863.40    1199.11    175543.61
   97	  175543.61    1199.11    175222.22
   98	  175222.22    1199.11    174899.22
   99	  174899.22    1199.11    174574.60
  100	  174574.60    1199.11    174248.37
  101	  174248.37    1199.11    173920.50
  102	  173920.50    1199.11    173590.99
  103	  173590.99    1199.11    173259.84
  104	  173259.84    1199.11    172927.03
  105	  172927.03    1199.11    172592.55
  106	  172592.55    1199.11    172256.40
  107	  172256.40    1199.11    171918.58
  108	  171918.58    1199.11    171579.06
  109	  171579.06    1199.11    171237.84
  110	  171237.84    1199.11    170894.92
  111	  170894.92    1199.11    170550.29
  112	  170550.29    1199.11    170203.93
  113	  170203.93    1199.11    169855.84
  114	  169855.84    1199.11    169506.01
  115	  169506.01    1199.11    169154.43
  116	  169154.43    1199.11    168801.09
  117	  168801.09    1199.11    168445.99
  118	  168445.99    1199.11    168089.11
  119	  168089.11    1199.11    167730.44
  120	  167730.44    1199.11    167369.98
  121	  167369.98    1199.11    167007.72
  122	  167007.72    1199.11    166643.65
  123	  166643.65    1199.11    166277.76
  124	  166277.76    1199.11    165910.04
  125	  165910.04    1199.11    165540.48
  126	  165540.48    1199.11    165169.07
  127	  165169.07    1199.11    164795.81
  128	  164795.81    1199.11    164420.68
  129	  164420.68    1199.11    164043.67
  130	  164043.67    1199.11    163664.78
  131	  163664.78    1199.11    163283.99
  132	  163283.99    1199.11    162901.30
  133	  162901.30    1199.11    162516.70
  134	  162516.70    1199.11    162130.17
  135	  162130.17    1199.11    161741.71
  136	  161741.71    1199.11    161351.31
  137	  161351.31    1199.11    160958.96
  138	  160958.96    1199.11    160564.64
  139	  160564.64    1199.11    160168.36
  140	  160168.36    1199.11    159770.09
  141	  159770.09    1199.11    159369.83
  142	  159369.83    1199.11    158967.57
  143	  158967.57    1199.11    158563.29
  144	  158563.29    1199.11    158157.00
  145	  158157.00    1199.11    157748.68
  146	  157748.68    1199.11    157338.31
  147	  157338.31    1199.11    156925.89
  148	  156925.89    1199.11    156511.41
  149	  156511.41    1199.11    156094.86
  150	  156094.86    1199.11    155676.22
  151	  155676.22    1199.11    155255.49
  152	  155255.49    1199.11    154832.66
  153	  154832.66    1199.11    154407.71
  154	  154407.71    1199.11    153980.64
  155	  153980.64    1199.11    153551.44
  156	  153551.44    1199.11    153120.08
  157	  153120.08    1199.11    152686.57
  158	  152686.57    1199.11    152250.90
  159	  152250.90    1199.11    151813.04
  160	  151813.04    1199.11    151373.00
  161	  151373.00    1199.11    150930.75
  162	  150930.75    1199.11    150486.29
  163	  150486.29    1199.11    150039.62
  164	  150039.62    1199.11    149590.70
  165	  149590.70    1199.11    149139.55
  166	  149139.55    1199.11    148686.14
  167	  148686.14    1199.11    148230.46
  168	  148230.46    1199.11    147772.50
  169	  147772.50    1199.11    147312.25
  170	  147312.25    1199.11    146849.70
  171	  146849.70    1199.11    146384.84
  172	  146384.84    1199.11    145917.65
  173	  145917.65    1199.11    145448.13
  174	  145448.13    1199.11    144976.26
  175	  144976.26    1199.11    144502.03
  176	  144502.03    1199.11    144025.43
  177	  144025.43    1199.11    143546.45
  178	  143546.45    1199.11    143065.07
  179	  143065.07    1199.11    142581.29
  180	  142581.29    1199.11    142095.09
  181	  142095.09    1199.11    141606.45
  182	  141606.45    1199.11    141115.37
  183	  141115.37    1199.11    140621.84
  184	  140621.84    1199.11    140125.84
  185	  140125.84    1199.11    139627.36
  186	  139627.36    1199.11    139126.39
  187	  139126.39    1199.11    138622.91
  188	  138622.91    1199.11    138116.91
  189	  138116.91    1199.11    137608.39
  190	  137608.39    1199.11    137097.32
  191	  137097.32    1199.11    136583.70
  192	  136583.70    1199.11    136067.50
  193	  136067.50    1199.11    135548.73
  194	  135548.73    1199.11    135027.37
  195	  135027.37    1199.11    134503.39
  196	  134503.39    1199.11    133976.80
  197	  133976.80    1199.11    133447.57
  198	  133447.57    1199.11    132915.70
  199	  132915.70    1199.11    132381.17
  200	  132381.17    1199.11    131843.97
  201	  131843.97    1199.11    131304.07
  202	  131304.07    1199.11    130761.49
  203	  130761.49    1199.11    130216.18
  204	  130216.18    1199.11    129668.15
  205	  129668.15    1199.11    129117.38
  206	  129117.38    1199.11    128563.86
  207	  128563.86    1199.11    128007.57
  208	  128007.57    1199.11    127448.50
  209	  127448.50    1199.11    126886.63
  210	  126886.63    1199.11    126321.95
  211	  126321.95    1199.11    125754.45
  212	  125754.45    1199.11    125184.12
  213	  125184.12    1199.11    124610.93
  214	  124610.93    1199.11    124034.87
  215	  124034.87    1199.11    123455.94
  216	  123455.94    1199.11    122874.11
  217	  122874.11    1199.11    122289.37
  218	  122289.37    1199.11    121701.70
  219	  121701.70    1199.11    121111.10
  220	  121111.10    1199.11    120517.55
  221	  120517.55    1199.11    119921.02
  222	  119921.02    1199.11    119321.52
  223	  119321.52    1199.11    118719.02
  224	  118719.02    1199.11    118113.50
  225	  118113.50    1199.11    117504.96
  226	  117504.96    1199.11    116893.37
  227	  116893.37    1199.11    116278.73
  228	  116278.73    1199.11    115661.02
  229	  115661.02    1199.11    115040.21
  230	  115040.21    1199.11    114416.30
  231	  114416.30    1199.11    113789.27
  232	  113789.27    1199.11    113159.11
  233	  113159.11    1199.11    112525.79
  234	  112525.79    1199.11    111889.31
  235	  111889.31    1199.11    111249.65
  236	  111249.65    1199.11    110606.79
  237	  110606.79    1199.11    109960.71
  238	  109960.71    1199.11    109311.41
  239	  109311.41    1199.11    108658.85
  240	  108658.85    1199.11    108003.04
  241	  108003.04    1199.11    107343.94
  242	  107343.94    1199.11    106681.55
  243	  106681.55    1199.11    106015.85
  244	  106015.85    1199.11    105346.82
  245	  105346.82    1199.11    104674.44
  246	  104674.44    1199.11    103998.71
  247	  103998.71    1199.11    103319.59
  248	  103319.59    1199.11    102637.08
  249	  102637.08    1199.11    101951.15
  250	  101951.15    1199.11    101261.80
  251	  101261.80    1199.11    100569.00
  252	  100569.00    1199.11    99872.73
  253	  99872.73    1199.11    99172.99
  254	  99172.99    1199.11    98469.74
  255	  98469.74    1199.11    97762.98
  256	  97762.98    1199.11    97052.68
  257	  97052.68    1199.11    96338.84
  258	  96338.84    1199.11    95621.42
  259	  95621.42    1199.11    94900.42
  260	  94900.42    1199.11    94175.81
  261	  94175.81    1199.11    93447.58
  262	  93447.58    1199.11    92715.71
  263	  92715.71    1199.11    91980.18
  264	  91980.18    1199.11    91240.97
  265	  91240.97    1199.11    90498.06
  266	  90498.06    1199.11    89751.44
  267	  89751.44    1199.11    89001.09
  268	  89001.09    1199.11    88246.99
  269	  88246.99    1199.11    87489.11
  270	  87489.11    1199.11    86727.45
  271	  86727.45    1199.11    85961.97
  272	  85961.97    1199.11    85192.67
  273	  85192.67    1199.11    84419.53
  274	  84419.53    1199.11    83642.51
  275	  83642.51    1199.11    82861.62
  276	  82861.62    1199.11    82076.81
  277	  82076.81    1199.11    81288.09
  278	  81288.09    1199.11    80495.42
  279	  80495.42    1199.11    79698.79
  280	  79698.79    1199.11    78898.17
  281	  78898.17    1199.11    78093.55
  282	  78093.55    1199.11    77284.91
  283	  77284.91    1199.11    76472.22
  284	  76472.22    1199.11    75655.47
  285	  75655.47    1199.11    74834.64
  286	  74834.64    1199.11    74009.71
  287	  74009.71    1199.11    73180.64
  288	  73180.64    1199.11    72347.44
  289	  72347.44    1199.11    71510.06
  290	  71510.06    1199.11    70668.50
  291	  70668.50    1199.11    69822.74
  292	  69822.74    1199.11    68972.74
  293	  68972.74    1199.11    68118.49
  294	  68118.49    1199.11    67259.98
  295	  67259.98    1199.11    66397.17
  296	  66397.17    1199.11    65530.04
  297	  65530.04    1199.11    64658.58
  298	  64658.58    1199.11    63782.77
  299	  63782.77    1199.11    62902.57
  300	  62902.57    1199.11    62017.97
  301	  62017.97    1199.11    61128.95
  302	  61128.95    1199.11    60235.49
  303	  60235.49    1199.11    59337.55
  304	  59337.55    1199.11    58435.13
  305	  58435.13    1199.11    57528.20
  306	  57528.20    1199.11    56616.73
  307	  56616.73    1199.11    55700.70
  308	  55700.70    1199.11    54780.10
  309	  54780.10    1199.11    53854.89
  310	  53854.89    1199.11    52925.05
  311	  52925.05    1199.11    51990.57
  312	  51990.57    1199.11    51051.41
  313	  51051.41    1199.11    50107.56
  314	  50107.56    1199.11    49158.98
  315	  49158.98    1199.11    48205.67
  316	  48205.67    1199.11    47247.59
  317	  47247.59    1199.11    46284.71
  318	  46284.71    1199.11    45317.03
  319	  45317.03    1199.11    44344.50
  320	  44344.50    1199.11    43367.12
  321	  43367.12    1199.11    42384.84
  322	  42384.84    1199.11    41397.66
  323	  41397.66    1199.11    40405.53
  324	  40405.53    1199.11    39408.45
  325	  39408.45    1199.11    38406.38
  326	  38406.38    1199.11    37399.31
  327	  37399.31    1199.11    36387.19
  328	  36387.19    1199.11    35370.02
  329	  35370.02    1199.11    34347.76
  330	  34347.76    1199.11    33320.39
  331	  33320.39    1199.11    32287.88
  332	  32287.88    1199.11    31250.21
  333	  31250.21    1199.11    30207.35
  334	  30207.35    1199.11    29159.28
  335	  29159.28    1199.11    28105.96
  336	  28105.96    1199.11    27047.38
  337	  27047.38    1199.11    25983.51
  338	  25983.51    1199.11    24914.32
  339	  24914.32    1199.11    23839.78
  340	  23839.78    1199.11    22759.87
  341	  22759.87    1199.11    21674.56
  342	  21674.56    1199.11    20583.82
  343	  20583.82    1199.11    19487.63
  344	  19487.63    1199.11    18385.96
  345	  18385.96    1199.11    17278.78
  346	  17278.78    1199.11    16166.06
  347	  16166.06    1199.11    15047.78
  348	  15047.78    1199.11    13923.91
  349	  13923.91    1199.11    12794.42
  350	  12794.42    1199.11    11659.28
  351	  11659.28    1199.11    10518.47
  352	  10518.47    1199.11    9371.95
  353	  9371.95    1199.11    8219.70
  354	  8219.70    1199.11    7061.69
  355	  7061.69    1199.11    5897.89
  356	  5897.89    1199.11    4728.27
  357	  4728.27    1199.11    3552.80
  358	  3552.80    1199.11    2371.45
  359	  2371.45    1199.11    1184.20
  360	  1184.20    1199.11    -8.99

Overpayment: $8.99 will be refunded to the borrower.